Frames: 10
fps:  5.19

TotalDe265: 1.92530

tTotal: 1.925314188004
tReadCodingUnit: 0.000000000000
tGenerateInterPredictionSamples: 0.000000000000
tMCLuma: 0.000000000000

tTotal_clk: 1.929999947548
tReadCodingUnit_clk: 0.000000000000
tGenerateInterPredictionSamples_clk: 0.000000000000
tMCLuma_clk: 0.000000000000

