xclProbe found 1 FPGA slots with xocl driver running
This AFI already loaded. Skip reload!
Successfully skipped reloading of local image.
AFI load complete.
Frames: 10
fps: 1.86

TotalDe265: 5.37316

tTotal: 5.373174568000

tTotal_clk: 4.590000000000

Frames_cout: 10
fps_cout: 1.8611
TotalDe265_cout: 5.37316

tTotal_cout: 5.37317

tTotal_clk_cout: 4.59

tInput: 0.344237611000
txFracl: 0.324864981000
tyFracl: 0.322682727000
tKernel: 1.768105624000
tOutput: 0.328831585000
tInput_cout: 0.344238
txFracl_cout: 0.324865
tyFracl_cout: 0.322683
tKernel_cout: 1.76811
tOutput_cout: 0.328832
