xclProbe found 1 FPGA slots with xocl driver running
This AFI already loaded. Skip reload!
Successfully skipped reloading of local image.
AFI load complete.
Frames: 10
fps: 0.44

TotalDe265: 22.82386

tTotal: 22.823873962000

tTotal_clk: 21.120000000000

Frames_cout: 10
fps_cout: 0.438138
TotalDe265_cout: 22.8239

tTotal_cout: 22.8239

tTotal_clk_cout: 21.12

tInput: 1.867088368000
txFracl: 1.834344467000
tyFracl: 1.833756787000
tKernel: 6.207068322000
tOutput: 1.789443580000
tInput_cout: 1.86709
txFracl_cout: 1.83434
tyFracl_cout: 1.83376
tKernel_cout: 6.20707
tOutput_cout: 1.78944
