xclProbe found 1 FPGA slots with xocl driver running
This AFI already loaded. Skip reload!
Successfully skipped reloading of local image.
AFI load complete.
Frames: 10
fps: 1.10

TotalDe265: 9.06003

tTotal: 9.060041462000

tTotal_clk: 7.800000000000

Frames_cout: 10
fps_cout: 1.10375
TotalDe265_cout: 9.06003

tTotal_cout: 9.06004

tTotal_clk_cout: 7.8

tInput: 0.560982809000
txFracl: 0.538030917000
tyFracl: 0.537028581000
tKernel: 2.807334775000
tOutput: 0.517629319000
tInput_cout: 0.560983
txFracl_cout: 0.538031
tyFracl_cout: 0.537029
tKernel_cout: 2.80733
tOutput_cout: 0.517629
