xclProbe found 1 FPGA slots with xocl driver running
This AFI already loaded. Skip reload!
Successfully skipped reloading of local image.
AFI load complete.
Frames: 10
fps: 0.32

TotalDe265: 31.10356

tTotal: 31.103578855000

tTotal_clk: 25.260000000000

Frames_cout: 10
fps_cout: 0.321507
TotalDe265_cout: 31.1036

tTotal_cout: 31.1036

tTotal_clk_cout: 25.26

tInput: 2.166390153000
txFracl: 2.066285583000
tyFracl: 2.060033939000
tKernel: 11.228848771000
tOutput: 2.013527329000
tInput_cout: 2.16639
txFracl_cout: 2.06629
tyFracl_cout: 2.06003
tKernel_cout: 11.2288
tOutput_cout: 2.01353
