xclProbe found 1 FPGA slots with xocl driver running
This AFI already loaded. Skip reload!
Successfully skipped reloading of local image.
AFI load complete.
Frames: 10
fps: 1.05

TotalDe265: 9.49830

tTotal: 9.498312030000

tTotal_clk: 7.740000000000

Frames_cout: 10
fps_cout: 1.05282
TotalDe265_cout: 9.4983

tTotal_cout: 9.49831

tTotal_clk_cout: 7.74

tInput: 0.368940535000
txFracl: 0.352018947000
tyFracl: 0.351388285000
tKernel: 2.827649261000
tOutput: 0.373695539000
tInput_cout: 0.368941
txFracl_cout: 0.352019
tyFracl_cout: 0.351388
tKernel_cout: 2.82765
tOutput_cout: 0.373696
