xclProbe found 1 FPGA slots with xocl driver running
This AFI already loaded. Skip reload!
Successfully skipped reloading of local image.
AFI load complete.
Frames: 10
fps: 2.68

TotalDe265: 3.73618

tTotal: 3.736198459000

tTotal_clk: 1.880000000000

Frames_cout: 10
fps_cout: 2.67653
TotalDe265_cout: 3.73618

tTotal_cout: 3.7362

tTotal_clk_cout: 1.88

tInput: 0.134283327000
txFracl: 0.127761769000
tyFracl: 0.127129205000
tKernel: 2.206053626000
tOutput: 0.133286619000
tInput_cout: 0.134283
txFracl_cout: 0.127762
tyFracl_cout: 0.127129
tKernel_cout: 2.20605
tOutput_cout: 0.133287
