xclProbe found 1 FPGA slots with xocl driver running
This AFI already loaded. Skip reload!
Successfully skipped reloading of local image.
AFI load complete.
Frames: 10
fps: 4.41

TotalDe265: 2.26902

tTotal: 2.269034464000

tTotal_clk: 2.120000000000

Frames_cout: 10
fps_cout: 4.40719
TotalDe265_cout: 2.26902

tTotal_cout: 2.26903

tTotal_clk_cout: 2.12

tInput: 0.127084941000
txFracl: 0.124583288000
tyFracl: 0.124589238000
tKernel: 0.516026061000
tOutput: 0.125617500000
tInput_cout: 0.127085
txFracl_cout: 0.124583
tyFracl_cout: 0.124589
tKernel_cout: 0.516026
tOutput_cout: 0.125618
