xclProbe found 1 FPGA slots with xocl driver running
This AFI already loaded. Skip reload!
Successfully skipped reloading of local image.
AFI load complete.
Frames: 10
fps: 0.80

TotalDe265: 12.54507

tTotal: 12.545086974000

tTotal_clk: 10.980000000000

Frames_cout: 10
fps_cout: 0.797126
TotalDe265_cout: 12.5451

tTotal_cout: 12.5451

tTotal_clk_cout: 10.98

tInput: 0.852638946000
txFracl: 0.830232639000
tyFracl: 0.829021354000
tKernel: 3.899149397000
tOutput: 0.832604157000
tInput_cout: 0.852639
txFracl_cout: 0.830233
tyFracl_cout: 0.829021
tKernel_cout: 3.89915
tOutput_cout: 0.832604
