xclProbe found 1 FPGA slots with xocl driver running
This AFI already loaded. Skip reload!
Successfully skipped reloading of local image.
AFI load complete.
Frames: 10
fps: 1.79

TotalDe265: 5.59047

tTotal: 5.590481355000

tTotal_clk: 2.870000000000

Frames_cout: 10
fps_cout: 1.78876
TotalDe265_cout: 5.59047

tTotal_cout: 5.59048

tTotal_clk_cout: 2.87

tInput: 0.129317454000
txFracl: 0.118994871000
tyFracl: 0.118909411000
tKernel: 3.101303298000
tOutput: 0.130236898000
tInput_cout: 0.129317
txFracl_cout: 0.118995
tyFracl_cout: 0.118909
tKernel_cout: 3.1013
tOutput_cout: 0.130237
