xclProbe found 1 FPGA slots with xocl driver running
This AFI already loaded. Skip reload!
Successfully skipped reloading of local image.
AFI load complete.
Frames: 10
fps: 6.55

TotalDe265: 1.52744

tTotal: 1.527452956000

tTotal_clk: 1.470000000000

Frames_cout: 10
fps_cout: 6.54691
TotalDe265_cout: 1.52744

tTotal_cout: 1.52745

tTotal_clk_cout: 1.47

tInput: 0.066604119000
txFracl: 0.063768436000
tyFracl: 0.063650751000
tKernel: 0.207421186000
tOutput: 0.068616765000
tInput_cout: 0.0666041
txFracl_cout: 0.0637684
tyFracl_cout: 0.0636508
tKernel_cout: 0.207421
tOutput_cout: 0.0686168
