xclProbe found 1 FPGA slots with xocl driver running
This AFI already loaded. Skip reload!
Successfully skipped reloading of local image.
AFI load complete.
Frames: 10
fps: 2.04

TotalDe265: 4.90073

tTotal: 4.900746392000

tTotal_clk: 4.700000000000

Frames_cout: 10
fps_cout: 2.04051
TotalDe265_cout: 4.90073

tTotal_cout: 4.90075

tTotal_clk_cout: 4.7

tInput: 0.236275287000
txFracl: 0.226683963000
tyFracl: 0.226121225000
tKernel: 0.712308661000
tOutput: 0.228307770000
tInput_cout: 0.236275
txFracl_cout: 0.226684
tyFracl_cout: 0.226121
tKernel_cout: 0.712309
tOutput_cout: 0.228308
