xclProbe found 1 FPGA slots with xocl driver running
This AFI already loaded. Skip reload!
Successfully skipped reloading of local image.
AFI load complete.
Frames: 10
fps: 1.83

TotalDe265: 5.47631

tTotal: 5.476321650000

tTotal_clk: 4.440000000000

Frames_cout: 10
fps_cout: 1.82605
TotalDe265_cout: 5.47631

tTotal_cout: 5.47632

tTotal_clk_cout: 4.44

tInput: 0.217785396000
txFracl: 0.210126344000
tyFracl: 0.207562040000
tKernel: 1.624737614000
tOutput: 0.199742632000
tInput_cout: 0.217785
txFracl_cout: 0.210126
tyFracl_cout: 0.207562
tKernel_cout: 1.62474
tOutput_cout: 0.199743
