xclProbe found 1 FPGA slots with xocl driver running
This AFI already loaded. Skip reload!
Successfully skipped reloading of local image.
AFI load complete.
Frames: 10
fps: 0.63

TotalDe265: 15.79980

tTotal: 15.799818933000

tTotal_clk: 12.840000000000

Frames_cout: 10
fps_cout: 0.632919
TotalDe265_cout: 15.7998

tTotal_cout: 15.7998

tTotal_clk_cout: 12.84

tInput: 1.040046385000
txFracl: 0.978414689000
tyFracl: 0.974173740000
tKernel: 5.851099269000
tOutput: 0.987695291000
tInput_cout: 1.04005
txFracl_cout: 0.978415
tyFracl_cout: 0.974174
tKernel_cout: 5.8511
tOutput_cout: 0.987695
