xclProbe found 1 FPGA slots with xocl driver running
This AFI already loaded. Skip reload!
Successfully skipped reloading of local image.
AFI load complete.
Frames: 10
fps: 8.22

TotalDe265: 1.21610

tTotal: 1.216113141000

tTotal_clk: 1.170000000000

Frames_cout: 10
fps_cout: 8.22301
TotalDe265_cout: 1.2161

tTotal_cout: 1.21611

tTotal_clk_cout: 1.17

tInput: 0.049549280000
txFracl: 0.049028905000
tyFracl: 0.049051475000
tKernel: 0.151346699000
tOutput: 0.048087565000
tInput_cout: 0.0495493
txFracl_cout: 0.0490289
tyFracl_cout: 0.0490515
tKernel_cout: 0.151347
tOutput_cout: 0.0480876
