xclProbe found 1 FPGA slots with xocl driver running
This AFI already loaded. Skip reload!
Successfully skipped reloading of local image.
AFI load complete.
Frames: 10
fps: 2.44

TotalDe265: 4.09485

tTotal: 4.094871634000

tTotal_clk: 2.010000000000

Frames_cout: 10
fps_cout: 2.44209
TotalDe265_cout: 4.09485

tTotal_cout: 4.09487

tTotal_clk_cout: 2.01

tInput: 0.104501977000
txFracl: 0.097298516000
tyFracl: 0.097637284000
tKernel: 2.350382967000
tOutput: 0.102596491000
tInput_cout: 0.104502
txFracl_cout: 0.0972985
tyFracl_cout: 0.0976373
tKernel_cout: 2.35038
tOutput_cout: 0.102596
