xclProbe found 1 FPGA slots with xocl driver running
This AFI already loaded. Skip reload!
Successfully skipped reloading of local image.
AFI load complete.
Frames: 10
fps: 1.54

TotalDe265: 6.50804

tTotal: 6.508056262000

tTotal_clk: 6.140000000000

Frames_cout: 10
fps_cout: 1.53656
TotalDe265_cout: 6.50804

tTotal_cout: 6.50806

tTotal_clk_cout: 6.14

tInput: 0.384078810000
txFracl: 0.372086363000
tyFracl: 0.371487954000
tKernel: 1.346221373000
tOutput: 0.371062536000
tInput_cout: 0.384079
txFracl_cout: 0.372086
tyFracl_cout: 0.371488
tKernel_cout: 1.34622
tOutput_cout: 0.371063
