xclProbe found 1 FPGA slots with xocl driver running
This AFI already loaded. Skip reload!
Successfully skipped reloading of local image.
AFI load complete.
Frames: 10
fps: 1.74

TotalDe265: 5.74099

tTotal: 5.741008149000

tTotal_clk: 3.230000000000

Frames_cout: 10
fps_cout: 1.74186
TotalDe265_cout: 5.74099

tTotal_cout: 5.74101

tTotal_clk_cout: 3.23

tInput: 0.213948364000
txFracl: 0.202684782000
tyFracl: 0.202812164000
tKernel: 3.159059392000
tOutput: 0.209082508000
tInput_cout: 0.213948
txFracl_cout: 0.202685
tyFracl_cout: 0.202812
tKernel_cout: 3.15906
tOutput_cout: 0.209083
