xclProbe found 1 FPGA slots with xocl driver running
This AFI already loaded. Skip reload!
Successfully skipped reloading of local image.
AFI load complete.
Frames: 10
fps: 12.16

TotalDe265: 0.82236

tTotal: 0.822375170000

tTotal_clk: 0.680000000000

Frames_cout: 10
fps_cout: 12.1601
TotalDe265_cout: 0.822361

tTotal_cout: 0.822375

tTotal_clk_cout: 0.68

tInput: 0.030027489000
txFracl: 0.029289678000
tyFracl: 0.029263870000
tKernel: 0.230088107000
tOutput: 0.028715487000
tInput_cout: 0.0300275
txFracl_cout: 0.0292897
tyFracl_cout: 0.0292639
tKernel_cout: 0.230088
tOutput_cout: 0.0287155
