xclProbe found 1 FPGA slots with xocl driver running
This AFI already loaded. Skip reload!
Successfully skipped reloading of local image.
AFI load complete.
Frames: 10
fps: 0.99

TotalDe265: 10.06585

tTotal: 10.065868409000

tTotal_clk: 9.310000000000

Frames_cout: 10
fps_cout: 0.993458
TotalDe265_cout: 10.0658

tTotal_cout: 10.0659

tTotal_clk_cout: 9.31

tInput: 0.663535121000
txFracl: 0.652971930000
tyFracl: 0.651430485000
tKernel: 2.654344087000
tOutput: 0.609687473000
tInput_cout: 0.663535
txFracl_cout: 0.652972
tyFracl_cout: 0.65143
tKernel_cout: 2.65434
tOutput_cout: 0.609687
