xclProbe found 1 FPGA slots with xocl driver running
This AFI already loaded. Skip reload!
Successfully skipped reloading of local image.
AFI load complete.
Frames: 10
fps: 0.22

TotalDe265: 45.77780

tTotal: 45.777815590000

tTotal_clk: 41.150000000000

Frames_cout: 10
fps_cout: 0.218446
TotalDe265_cout: 45.7778

tTotal_cout: 45.7778

tTotal_clk_cout: 41.15

tInput: 3.590795692000
txFracl: 3.434005354000
tyFracl: 3.419074134000
tKernel: 14.185198680000
tOutput: 3.795785945000
tInput_cout: 3.5908
txFracl_cout: 3.43401
tyFracl_cout: 3.41907
tKernel_cout: 14.1852
tOutput_cout: 3.79579
