xclProbe found 1 FPGA slots with xocl driver running
This AFI already loaded. Skip reload!
Successfully skipped reloading of local image.
AFI load complete.
Frames: 10
fps: 1.81

TotalDe265: 5.50965

tTotal: 5.509665634000

tTotal_clk: 5.170000000000

Frames_cout: 10
fps_cout: 1.815
TotalDe265_cout: 5.50965

tTotal_cout: 5.50967

tTotal_clk_cout: 5.17

tInput: 0.383927992000
txFracl: 0.377376028000
tyFracl: 0.378229806000
tKernel: 1.467446783000
tOutput: 0.372912406000
tInput_cout: 0.383928
txFracl_cout: 0.377376
tyFracl_cout: 0.37823
tKernel_cout: 1.46745
tOutput_cout: 0.372912
