xclProbe found 1 FPGA slots with xocl driver running
This AFI already loaded. Skip reload!
Successfully skipped reloading of local image.
AFI load complete.
Frames: 10
fps: 2.29

TotalDe265: 4.37537

tTotal: 4.375377707000

tTotal_clk: 2.330000000000

Frames_cout: 10
fps_cout: 2.28552
TotalDe265_cout: 4.37537

tTotal_cout: 4.37538

tTotal_clk_cout: 2.33

tInput: 0.182448174000
txFracl: 0.174974591000
tyFracl: 0.175072879000
tKernel: 2.575667151000
tOutput: 0.176920293000
tInput_cout: 0.182448
txFracl_cout: 0.174975
tyFracl_cout: 0.175073
tKernel_cout: 2.57567
tOutput_cout: 0.17692
