xclProbe found 1 FPGA slots with xocl driver running
This AFI already loaded. Skip reload!
Successfully skipped reloading of local image.
AFI load complete.
Frames: 10
fps: 3.44

TotalDe265: 2.90285

tTotal: 2.902869332000

tTotal_clk: 1.400000000000

Frames_cout: 10
fps_cout: 3.44489
TotalDe265_cout: 2.90285

tTotal_cout: 2.90287

tTotal_clk_cout: 1.4

tInput: 0.078632889000
txFracl: 0.073988842000
tyFracl: 0.073670935000
tKernel: 1.741704759000
tOutput: 0.074320629000
tInput_cout: 0.0786329
txFracl_cout: 0.0739888
tyFracl_cout: 0.0736709
tKernel_cout: 1.7417
tOutput_cout: 0.0743206
