xclProbe found 1 FPGA slots with xocl driver running
This AFI already loaded. Skip reload!
Successfully skipped reloading of local image.
AFI load complete.
Frames: 10
fps: 12.49

TotalDe265: 0.80062

tTotal: 0.800636540000

tTotal_clk: 0.670000000000

Frames_cout: 10
fps_cout: 12.4903
TotalDe265_cout: 0.800622

tTotal_cout: 0.800637

tTotal_clk_cout: 0.67

tInput: 0.031798995000
txFracl: 0.031011353000
tyFracl: 0.030963485000
tKernel: 0.241755822000
tOutput: 0.030367849000
tInput_cout: 0.031799
txFracl_cout: 0.0310114
tyFracl_cout: 0.0309635
tKernel_cout: 0.241756
tOutput_cout: 0.0303678
