xclProbe found 1 FPGA slots with xocl driver running
This AFI already loaded. Skip reload!
Successfully skipped reloading of local image.
AFI load complete.
Frames: 10
fps: 1.38

TotalDe265: 7.22463

tTotal: 7.224644167000

tTotal_clk: 6.000000000000

Frames_cout: 10
fps_cout: 1.38415
TotalDe265_cout: 7.22463

tTotal_cout: 7.22464

tTotal_clk_cout: 6

tInput: 0.461813841000
txFracl: 0.448438322000
tyFracl: 0.448285338000
tKernel: 2.633236093000
tOutput: 0.442636377000
tInput_cout: 0.461814
txFracl_cout: 0.448438
tyFracl_cout: 0.448285
tKernel_cout: 2.63324
tOutput_cout: 0.442636
