xclProbe found 1 FPGA slots with xocl driver running
This AFI already loaded. Skip reload!
Successfully skipped reloading of local image.
AFI load complete.
Frames: 10
fps: 0.68

TotalDe265: 14.72453

tTotal: 14.724543250000

tTotal_clk: 12.710000000000

Frames_cout: 10
fps_cout: 0.679139
TotalDe265_cout: 14.7245

tTotal_cout: 14.7245

tTotal_clk_cout: 12.71

tInput: 0.963992702000
txFracl: 0.935426596000
tyFracl: 0.933416065000
tKernel: 4.631165622000
tOutput: 0.913490214000
tInput_cout: 0.963993
txFracl_cout: 0.935427
tyFracl_cout: 0.933416
tKernel_cout: 4.63117
tOutput_cout: 0.91349
