xclProbe found 1 FPGA slots with xocl driver running
This AFI already loaded. Skip reload!
Successfully skipped reloading of local image.
AFI load complete.
Frames: 10
fps: 1.11

TotalDe265: 8.97003

tTotal: 8.970044215000

tTotal_clk: 4.680000000000

Frames_cout: 10
fps_cout: 1.11482
TotalDe265_cout: 8.97003

tTotal_cout: 8.97004

tTotal_clk_cout: 4.68

tInput: 0.318268026000
txFracl: 0.292880201000
tyFracl: 0.290377497000
tKernel: 5.199616413000
tOutput: 0.308423144000
tInput_cout: 0.318268
txFracl_cout: 0.29288
tyFracl_cout: 0.290377
tKernel_cout: 5.19962
tOutput_cout: 0.308423
