xclProbe found 1 FPGA slots with xocl driver running
This AFI already loaded. Skip reload!
Successfully skipped reloading of local image.
AFI load complete.
Frames: 10
fps: 1.66

TotalDe265: 6.03296

tTotal: 6.032975943000

tTotal_clk: 5.760000000000

Frames_cout: 10
fps_cout: 1.65756
TotalDe265_cout: 6.03296

tTotal_cout: 6.03298

tTotal_clk_cout: 5.76

tInput: 0.327007731000
txFracl: 0.320693943000
tyFracl: 0.320881189000
tKernel: 1.284888368000
tOutput: 0.321650709000
tInput_cout: 0.327008
txFracl_cout: 0.320694
tyFracl_cout: 0.320881
tKernel_cout: 1.28489
tOutput_cout: 0.321651
