xclProbe found 1 FPGA slots with xocl driver running
This AFI already loaded. Skip reload!
Successfully skipped reloading of local image.
AFI load complete.
Frames: 10
fps: 1.30

TotalDe265: 7.67304

tTotal: 7.673058683000

tTotal_clk: 5.280000000000

Frames_cout: 10
fps_cout: 1.30326
TotalDe265_cout: 7.67304

tTotal_cout: 7.67306

tTotal_clk_cout: 5.28

tInput: 0.117368499000
txFracl: 0.109101709000
tyFracl: 0.109246616000
tKernel: 2.770967450000
tOutput: 0.118013793000
tInput_cout: 0.117368
txFracl_cout: 0.109102
tyFracl_cout: 0.109247
tKernel_cout: 2.77097
tOutput_cout: 0.118014
