xclProbe found 1 FPGA slots with xocl driver running
This AFI already loaded. Skip reload!
Successfully skipped reloading of local image.
AFI load complete.
Frames: 10
fps: 3.23

TotalDe265: 3.09392

tTotal: 3.093938530000

tTotal_clk: 2.590000000000

Frames_cout: 10
fps_cout: 3.23214
TotalDe265_cout: 3.09392

tTotal_cout: 3.09394

tTotal_clk_cout: 2.59

tInput: 0.192258040000
txFracl: 0.187000443000
tyFracl: 0.186654614000
tKernel: 1.080585121000
tOutput: 0.199669649000
tInput_cout: 0.192258
txFracl_cout: 0.187
tyFracl_cout: 0.186655
tKernel_cout: 1.08059
tOutput_cout: 0.19967
