xclProbe found 1 FPGA slots with xocl driver running
This AFI already loaded. Skip reload!
Successfully skipped reloading of local image.
AFI load complete.
Frames: 10
fps: 1.45

TotalDe265: 6.88698

tTotal: 6.886995345000

tTotal_clk: 4.040000000000

Frames_cout: 10
fps_cout: 1.45202
TotalDe265_cout: 6.88698

tTotal_cout: 6.887

tTotal_clk_cout: 4.04

tInput: 0.319087767000
txFracl: 0.293707893000
tyFracl: 0.292893172000
tKernel: 3.784763699000
tOutput: 0.301345396000
tInput_cout: 0.319088
txFracl_cout: 0.293708
tyFracl_cout: 0.292893
tKernel_cout: 3.78476
tOutput_cout: 0.301345
