xclProbe found 1 FPGA slots with xocl driver running
This AFI already loaded. Skip reload!
Successfully skipped reloading of local image.
AFI load complete.
Frames: 10
fps: 1.65

TotalDe265: 6.07521

tTotal: 6.075229128000

tTotal_clk: 4.870000000000

Frames_cout: 10
fps_cout: 1.64603
TotalDe265_cout: 6.07521

tTotal_cout: 6.07523

tTotal_clk_cout: 4.87

tInput: 0.265803995000
txFracl: 0.256379821000
tyFracl: 0.255999658000
tKernel: 2.075580597000
tOutput: 0.258847177000
tInput_cout: 0.265804
txFracl_cout: 0.25638
tyFracl_cout: 0.256
tKernel_cout: 2.07558
tOutput_cout: 0.258847
