xclProbe found 1 FPGA slots with xocl driver running
This AFI already loaded. Skip reload!
Successfully skipped reloading of local image.
AFI load complete.
Frames: 10
fps: 1.07

TotalDe265: 9.30418

tTotal: 9.304199769000

tTotal_clk: 6.230000000000

Frames_cout: 10
fps_cout: 1.07479
TotalDe265_cout: 9.30418

tTotal_cout: 9.3042

tTotal_clk_cout: 6.23

tInput: 0.408198914000
txFracl: 0.383140561000
tyFracl: 0.375943157000
tKernel: 4.033868403000
tOutput: 0.387090317000
tInput_cout: 0.408199
txFracl_cout: 0.383141
tyFracl_cout: 0.375943
tKernel_cout: 4.03387
tOutput_cout: 0.38709
