xclProbe found 1 FPGA slots with xocl driver running
This AFI already loaded. Skip reload!
Successfully skipped reloading of local image.
AFI load complete.
Frames: 10
fps: 0.33

TotalDe265: 30.19938

tTotal: 30.199400771000

tTotal_clk: 28.230000000000

Frames_cout: 10
fps_cout: 0.331133
TotalDe265_cout: 30.1994

tTotal_cout: 30.1994

tTotal_clk_cout: 28.23

tInput: 2.526793790000
txFracl: 2.447606384000
tyFracl: 2.451884873000
tKernel: 7.360263399000
tOutput: 2.525887469000
tInput_cout: 2.52679
txFracl_cout: 2.44761
tyFracl_cout: 2.45188
tKernel_cout: 7.36026
tOutput_cout: 2.52589
