xclProbe found 1 FPGA slots with xocl driver running
This AFI already loaded. Skip reload!
Successfully skipped reloading of local image.
AFI load complete.
Frames: 10
fps: 0.39

TotalDe265: 25.73543

tTotal: 25.735449544000

tTotal_clk: 23.760000000000

Frames_cout: 10
fps_cout: 0.388569
TotalDe265_cout: 25.7354

tTotal_cout: 25.7354

tTotal_clk_cout: 23.76

tInput: 2.166339258000
txFracl: 2.105096619000
tyFracl: 2.103602403000
tKernel: 7.135013637000
tOutput: 2.209450964000
tInput_cout: 2.16634
txFracl_cout: 2.1051
tyFracl_cout: 2.1036
tKernel_cout: 7.13501
tOutput_cout: 2.20945
