xclProbe found 1 FPGA slots with xocl driver running
This AFI already loaded. Skip reload!
Successfully skipped reloading of local image.
AFI load complete.
Frames: 10
fps: 1.47

TotalDe265: 6.82205

tTotal: 6.822064356000

tTotal_clk: 5.480000000000

Frames_cout: 10
fps_cout: 1.46584
TotalDe265_cout: 6.82205

tTotal_cout: 6.82206

tTotal_clk_cout: 5.48

tInput: 0.304771348000
txFracl: 0.296122272000
tyFracl: 0.293790422000
tKernel: 2.202528473000
tOutput: 0.292066838000
tInput_cout: 0.304771
txFracl_cout: 0.296122
tyFracl_cout: 0.29379
tKernel_cout: 2.20253
tOutput_cout: 0.292067
