xclProbe found 1 FPGA slots with xocl driver running
This AFI already loaded. Skip reload!
Successfully skipped reloading of local image.
AFI load complete.
Frames: 10
fps: 0.47

TotalDe265: 21.33981

tTotal: 21.339825676000

tTotal_clk: 19.590000000000

Frames_cout: 10
fps_cout: 0.468608
TotalDe265_cout: 21.3398

tTotal_cout: 21.3398

tTotal_clk_cout: 19.59

tInput: 1.525380195000
txFracl: 1.457860849000
tyFracl: 1.453997653000
tKernel: 5.910912194000
tOutput: 1.411187073000
tInput_cout: 1.52538
txFracl_cout: 1.45786
tyFracl_cout: 1.454
tKernel_cout: 5.91091
tOutput_cout: 1.41119
