xclProbe found 1 FPGA slots with xocl driver running
This AFI already loaded. Skip reload!
Successfully skipped reloading of local image.
AFI load complete.
Frames: 10
fps: 2.07

TotalDe265: 4.82266

tTotal: 4.822671926000

tTotal_clk: 4.100000000000

Frames_cout: 10
fps_cout: 2.07354
TotalDe265_cout: 4.82266

tTotal_cout: 4.82267

tTotal_clk_cout: 4.1

tInput: 0.308336820000
txFracl: 0.302527172000
tyFracl: 0.302176509000
tKernel: 1.667099914000
tOutput: 0.288480743000
tInput_cout: 0.308337
txFracl_cout: 0.302527
tyFracl_cout: 0.302177
tKernel_cout: 1.6671
tOutput_cout: 0.288481
