xclProbe found 1 FPGA slots with xocl driver running
This AFI already loaded. Skip reload!
Successfully skipped reloading of local image.
AFI load complete.
Frames: 10
fps: 6.99

TotalDe265: 1.43084

tTotal: 1.430856709000

tTotal_clk: 1.330000000000

Frames_cout: 10
fps_cout: 6.9889
TotalDe265_cout: 1.43084

tTotal_cout: 1.43086

tTotal_clk_cout: 1.33

tInput: 0.090708161000
txFracl: 0.088361410000
tyFracl: 0.088253934000
tKernel: 0.364348180000
tOutput: 0.090208299000
tInput_cout: 0.0907082
txFracl_cout: 0.0883614
tyFracl_cout: 0.0882539
tKernel_cout: 0.364348
tOutput_cout: 0.0902083
