xclProbe found 1 FPGA slots with xocl driver running
This AFI already loaded. Skip reload!
Successfully skipped reloading of local image.
AFI load complete.
Frames: 10
fps: 1.00

TotalDe265: 9.95737

tTotal: 9.957386920000

tTotal_clk: 8.150000000000

Frames_cout: 10
fps_cout: 1.00428
TotalDe265_cout: 9.95737

tTotal_cout: 9.95739

tTotal_clk_cout: 8.15

tInput: 0.644472205000
txFracl: 0.617076213000
tyFracl: 0.616582271000
tKernel: 3.507518282000
tOutput: 0.626482687000
tInput_cout: 0.644472
txFracl_cout: 0.617076
tyFracl_cout: 0.616582
tKernel_cout: 3.50752
tOutput_cout: 0.626483
