xclProbe found 1 FPGA slots with xocl driver running
This AFI already loaded. Skip reload!
Successfully skipped reloading of local image.
AFI load complete.
Frames: 10
fps: 1.06

TotalDe265: 9.39082

tTotal: 9.390831536000

tTotal_clk: 8.060000000000

Frames_cout: 10
fps_cout: 1.06487
TotalDe265_cout: 9.39082

tTotal_cout: 9.39083

tTotal_clk_cout: 8.06

tInput: 0.624437900000
txFracl: 0.594499293000
tyFracl: 0.593067556000
tKernel: 2.972464412000
tOutput: 0.605875305000
tInput_cout: 0.624438
txFracl_cout: 0.594499
tyFracl_cout: 0.593068
tKernel_cout: 2.97246
tOutput_cout: 0.605875
