xclProbe found 1 FPGA slots with xocl driver running
This AFI already loaded. Skip reload!
Successfully skipped reloading of local image.
AFI load complete.
Frames: 10
fps: 0.85

TotalDe265: 11.80851

tTotal: 11.808547766000

tTotal_clk: 9.920000000000

Frames_cout: 10
fps_cout: 0.846847
TotalDe265_cout: 11.8085

tTotal_cout: 11.8085

tTotal_clk_cout: 9.92

tInput: 0.809269440000
txFracl: 0.768793973000
tyFracl: 0.761259674000
tKernel: 3.961977238000
tOutput: 0.767865933000
tInput_cout: 0.809269
txFracl_cout: 0.768794
tyFracl_cout: 0.76126
tKernel_cout: 3.96198
tOutput_cout: 0.767866
