xclProbe found 1 FPGA slots with xocl driver running
This AFI already loaded. Skip reload!
Successfully skipped reloading of local image.
AFI load complete.
Frames: 10
fps: 5.85

TotalDe265: 1.70892

tTotal: 1.708933642000

tTotal_clk: 1.460000000000

Frames_cout: 10
fps_cout: 5.85165
TotalDe265_cout: 1.70892

tTotal_cout: 1.70893

tTotal_clk_cout: 1.46

tInput: 0.113434853000
txFracl: 0.111425236000
tyFracl: 0.111960016000
tKernel: 0.558100053000
tOutput: 0.112699272000
tInput_cout: 0.113435
txFracl_cout: 0.111425
tyFracl_cout: 0.11196
tKernel_cout: 0.5581
tOutput_cout: 0.112699
