xclProbe found 1 FPGA slots with xocl driver running
This AFI already loaded. Skip reload!
Successfully skipped reloading of local image.
AFI load complete.
Frames: 10
fps: 0.81

TotalDe265: 12.29476

tTotal: 12.294778035000

tTotal_clk: 5.990000000000

Frames_cout: 10
fps_cout: 0.813355
TotalDe265_cout: 12.2948

tTotal_cout: 12.2948

tTotal_clk_cout: 5.99

tInput: 0.391515463000
txFracl: 0.370202680000
tyFracl: 0.368806695000
tKernel: 7.496002332000
tOutput: 0.378703692000
tInput_cout: 0.391515
txFracl_cout: 0.370203
tyFracl_cout: 0.368807
tKernel_cout: 7.496
tOutput_cout: 0.378704
