xclProbe found 1 FPGA slots with xocl driver running
This AFI already loaded. Skip reload!
Successfully skipped reloading of local image.
AFI load complete.
Frames: 10
fps: 1.01

TotalDe265: 9.93946

tTotal: 9.939473056000

tTotal_clk: 7.020000000000

Frames_cout: 10
fps_cout: 1.00609
TotalDe265_cout: 9.93946

tTotal_cout: 9.93947

tTotal_clk_cout: 7.02

tInput: 0.591242405000
txFracl: 0.558416793000
tyFracl: 0.557968561000
tKernel: 4.539458249000
tOutput: 0.563403133000
tInput_cout: 0.591242
txFracl_cout: 0.558417
tyFracl_cout: 0.557969
tKernel_cout: 4.53946
tOutput_cout: 0.563403
