xclProbe found 1 FPGA slots with xocl driver running
This AFI already loaded. Skip reload!
Successfully skipped reloading of local image.
AFI load complete.
Frames: 10
fps: 1.40

TotalDe265: 7.14191

tTotal: 7.141926680000

tTotal_clk: 5.900000000000

Frames_cout: 10
fps_cout: 1.40019
TotalDe265_cout: 7.14191

tTotal_cout: 7.14193

tTotal_clk_cout: 5.9

tInput: 0.060927283000
txFracl: 0.054254830000
tyFracl: 0.054067870000
tKernel: 1.410804088000
tOutput: 0.062557360000
tInput_cout: 0.0609273
txFracl_cout: 0.0542548
tyFracl_cout: 0.0540679
tKernel_cout: 1.4108
tOutput_cout: 0.0625574
