xclProbe found 1 FPGA slots with xocl driver running
This AFI already loaded. Skip reload!
Successfully skipped reloading of local image.
AFI load complete.
Frames: 10
fps: 1.32

TotalDe265: 7.56920

tTotal: 7.569219615000

tTotal_clk: 7.160000000000

Frames_cout: 10
fps_cout: 1.32114
TotalDe265_cout: 7.5692

tTotal_cout: 7.56922

tTotal_clk_cout: 7.16

tInput: 0.553404037000
txFracl: 0.544209153000
tyFracl: 0.543413192000
tKernel: 1.641360304000
tOutput: 0.534596839000
tInput_cout: 0.553404
txFracl_cout: 0.544209
tyFracl_cout: 0.543413
tKernel_cout: 1.64136
tOutput_cout: 0.534597
