xclProbe found 1 FPGA slots with xocl driver running
This AFI already loaded. Skip reload!
Successfully skipped reloading of local image.
AFI load complete.
Frames: 10
fps: 4.46

TotalDe265: 2.24378

tTotal: 2.243801815000

tTotal_clk: 2.140000000000

Frames_cout: 10
fps_cout: 4.45675
TotalDe265_cout: 2.24378

tTotal_cout: 2.2438

tTotal_clk_cout: 2.14

tInput: 0.138992882000
txFracl: 0.132656846000
tyFracl: 0.132089852000
tKernel: 0.422002109000
tOutput: 0.131909666000
tInput_cout: 0.138993
txFracl_cout: 0.132657
tyFracl_cout: 0.13209
tKernel_cout: 0.422002
tOutput_cout: 0.13191
