xclProbe found 1 FPGA slots with xocl driver running
This AFI already loaded. Skip reload!
Successfully skipped reloading of local image.
AFI load complete.
Frames: 10
fps: 1.69

TotalDe265: 5.90461

tTotal: 5.904626817000

tTotal_clk: 5.150000000000

Frames_cout: 10
fps_cout: 1.69359
TotalDe265_cout: 5.90461

tTotal_cout: 5.90463

tTotal_clk_cout: 5.15

tInput: 0.278472134000
txFracl: 0.267161520000
tyFracl: 0.266246687000
tKernel: 1.546109560000
tOutput: 0.264996761000
tInput_cout: 0.278472
txFracl_cout: 0.267162
tyFracl_cout: 0.266247
tKernel_cout: 1.54611
tOutput_cout: 0.264997
