xclProbe found 1 FPGA slots with xocl driver running
This AFI already loaded. Skip reload!
Successfully skipped reloading of local image.
AFI load complete.
Frames: 10
fps: 1.20

TotalDe265: 8.30094

tTotal: 8.300954968000

tTotal_clk: 7.910000000000

Frames_cout: 10
fps_cout: 1.20468
TotalDe265_cout: 8.30094

tTotal_cout: 8.30095

tTotal_clk_cout: 7.91

tInput: 0.473011217000
txFracl: 0.469021074000
tyFracl: 0.467002094000
tKernel: 1.350556344000
tOutput: 0.458170404000
tInput_cout: 0.473011
txFracl_cout: 0.469021
tyFracl_cout: 0.467002
tKernel_cout: 1.35056
tOutput_cout: 0.45817
