xclProbe found 1 FPGA slots with xocl driver running
This AFI already loaded. Skip reload!
Successfully skipped reloading of local image.
AFI load complete.
Frames: 10
fps: 3.97

TotalDe265: 2.51813

tTotal: 2.518143225000

tTotal_clk: 2.380000000000

Frames_cout: 10
fps_cout: 3.9712
TotalDe265_cout: 2.51813

tTotal_cout: 2.51814

tTotal_clk_cout: 2.38

tInput: 0.173030705000
txFracl: 0.172144231000
tyFracl: 0.171509095000
tKernel: 0.484789833000
tOutput: 0.172165807000
tInput_cout: 0.173031
txFracl_cout: 0.172144
tyFracl_cout: 0.171509
tKernel_cout: 0.48479
tOutput_cout: 0.172166
