xclProbe found 1 FPGA slots with xocl driver running
This AFI already loaded. Skip reload!
Successfully skipped reloading of local image.
AFI load complete.
Frames: 10
fps: 2.27

TotalDe265: 4.40885

tTotal: 4.408863615000

tTotal_clk: 4.180000000000

Frames_cout: 10
fps_cout: 2.26817
TotalDe265_cout: 4.40885

tTotal_cout: 4.40886

tTotal_clk_cout: 4.18

tInput: 0.284855395000
txFracl: 0.272935102000
tyFracl: 0.272565614000
tKernel: 0.793324691000
tOutput: 0.271371482000
tInput_cout: 0.284855
txFracl_cout: 0.272935
tyFracl_cout: 0.272566
tKernel_cout: 0.793325
tOutput_cout: 0.271371
