xclProbe found 1 FPGA slots with xocl driver running
This AFI already loaded. Skip reload!
Successfully skipped reloading of local image.
AFI load complete.
Frames: 10
fps: 1.16

TotalDe265: 8.60992

tTotal: 8.609935745000

tTotal_clk: 4.310000000000

Frames_cout: 10
fps_cout: 1.16145
TotalDe265_cout: 8.60992

tTotal_cout: 8.60994

tTotal_clk_cout: 4.31

tInput: 0.220082300000
txFracl: 0.200180123000
tyFracl: 0.198368250000
tKernel: 4.912963891000
tOutput: 0.201742986000
tInput_cout: 0.220082
txFracl_cout: 0.20018
tyFracl_cout: 0.198368
tKernel_cout: 4.91296
tOutput_cout: 0.201743
