xclProbe found 1 FPGA slots with xocl driver running
This AFI already loaded. Skip reload!
Successfully skipped reloading of local image.
AFI load complete.
Frames: 10
fps: 1.09

TotalDe265: 9.13325

tTotal: 9.133270508000

tTotal_clk: 5.670000000000

Frames_cout: 10
fps_cout: 1.0949
TotalDe265_cout: 9.13325

tTotal_cout: 9.13327

tTotal_clk_cout: 5.67

tInput: 0.367135078000
txFracl: 0.351965232000
tyFracl: 0.350695966000
tKernel: 4.482903591000
tOutput: 0.334182989000
tInput_cout: 0.367135
txFracl_cout: 0.351965
tyFracl_cout: 0.350696
tKernel_cout: 4.4829
tOutput_cout: 0.334183
