xclProbe found 1 FPGA slots with xocl driver running
This AFI already loaded. Skip reload!
Successfully skipped reloading of local image.
AFI load complete.
Frames: 10
fps: 1.40

TotalDe265: 7.14959

tTotal: 7.149602048000

tTotal_clk: 6.810000000000

Frames_cout: 10
fps_cout: 1.39868
TotalDe265_cout: 7.14959

tTotal_cout: 7.1496

tTotal_clk_cout: 6.81

tInput: 0.449585411000
txFracl: 0.434249515000
tyFracl: 0.433518644000
tKernel: 1.294715038000
tOutput: 0.460365554000
tInput_cout: 0.449585
txFracl_cout: 0.43425
tyFracl_cout: 0.433519
tKernel_cout: 1.29472
tOutput_cout: 0.460366
