xclProbe found 1 FPGA slots with xocl driver running
This AFI already loaded. Skip reload!
Successfully skipped reloading of local image.
AFI load complete.
Frames: 10
fps: 3.39

TotalDe265: 2.94641

tTotal: 2.946421665000

tTotal_clk: 2.840000000000

Frames_cout: 10
fps_cout: 3.39397
TotalDe265_cout: 2.94641

tTotal_cout: 2.94642

tTotal_clk_cout: 2.84

tInput: 0.122330548000
txFracl: 0.121179751000
tyFracl: 0.121392620000
tKernel: 0.352512735000
tOutput: 0.114343069000
tInput_cout: 0.122331
txFracl_cout: 0.12118
tyFracl_cout: 0.121393
tKernel_cout: 0.352513
tOutput_cout: 0.114343
