xclProbe found 1 FPGA slots with xocl driver running
This AFI already loaded. Skip reload!
Successfully skipped reloading of local image.
AFI load complete.
Frames: 10
fps: 1.28

TotalDe265: 7.83336

tTotal: 7.833388436000

tTotal_clk: 6.260000000000

Frames_cout: 10
fps_cout: 1.27659
TotalDe265_cout: 7.83336

tTotal_cout: 7.83339

tTotal_clk_cout: 6.26

tInput: 0.326934858000
txFracl: 0.300188925000
tyFracl: 0.298650623000
tKernel: 2.406369336000
tOutput: 0.311268484000
tInput_cout: 0.326935
txFracl_cout: 0.300189
tyFracl_cout: 0.298651
tKernel_cout: 2.40637
tOutput_cout: 0.311268
