xclProbe found 1 FPGA slots with xocl driver running
This AFI already loaded. Skip reload!
Successfully skipped reloading of local image.
AFI load complete.
Frames: 10
fps: 6.43

TotalDe265: 1.55639

tTotal: 1.556399114000

tTotal_clk: 1.310000000000

Frames_cout: 10
fps_cout: 6.42515
TotalDe265_cout: 1.55639

tTotal_cout: 1.5564

tTotal_clk_cout: 1.31

tInput: 0.098385737000
txFracl: 0.096799079000
tyFracl: 0.096708381000
tKernel: 0.499469491000
tOutput: 0.097167825000
tInput_cout: 0.0983857
txFracl_cout: 0.0967991
tyFracl_cout: 0.0967084
tKernel_cout: 0.499469
tOutput_cout: 0.0971678
