xclProbe found 1 FPGA slots with xocl driver running
This AFI already loaded. Skip reload!
Successfully skipped reloading of local image.
AFI load complete.
Frames: 10
fps: 0.63

TotalDe265: 15.85504

tTotal: 15.855054599000

tTotal_clk: 9.680000000000

Frames_cout: 10
fps_cout: 0.630714
TotalDe265_cout: 15.855

tTotal_cout: 15.8551

tTotal_clk_cout: 9.68

tInput: 0.747965915000
txFracl: 0.714068765000
tyFracl: 0.712050647000
tKernel: 8.445356295000
tOutput: 0.710907685000
tInput_cout: 0.747966
txFracl_cout: 0.714069
tyFracl_cout: 0.712051
tKernel_cout: 8.44536
tOutput_cout: 0.710908
