xclProbe found 1 FPGA slots with xocl driver running
This AFI already loaded. Skip reload!
Successfully skipped reloading of local image.
AFI load complete.
Frames: 10
fps: 0.62

TotalDe265: 16.16212

tTotal: 16.162138647000

tTotal_clk: 11.910000000000

Frames_cout: 10
fps_cout: 0.618731
TotalDe265_cout: 16.1621

tTotal_cout: 16.1621

tTotal_clk_cout: 11.91

tInput: 1.032314666000
txFracl: 0.977775718000
tyFracl: 0.965772721000
tKernel: 6.613648366000
tOutput: 0.945508357000
tInput_cout: 1.03231
txFracl_cout: 0.977776
tyFracl_cout: 0.965773
tKernel_cout: 6.61365
tOutput_cout: 0.945508
