xclProbe found 1 FPGA slots with xocl driver running
This AFI already loaded. Skip reload!
Successfully skipped reloading of local image.
AFI load complete.
Frames: 10
fps: 0.67

TotalDe265: 14.92640

tTotal: 14.926414804000

tTotal_clk: 10.780000000000

Frames_cout: 10
fps_cout: 0.669954
TotalDe265_cout: 14.9264

tTotal_cout: 14.9264

tTotal_clk_cout: 10.78

tInput: 0.859530864000
txFracl: 0.833216385000
tyFracl: 0.832899405000
tKernel: 6.771978116000
tOutput: 0.798080900000
tInput_cout: 0.859531
txFracl_cout: 0.833216
tyFracl_cout: 0.832899
tKernel_cout: 6.77198
tOutput_cout: 0.798081
