xclProbe found 1 FPGA slots with xocl driver running
This AFI already loaded. Skip reload!
Successfully skipped reloading of local image.
AFI load complete.
Frames: 10
fps: 1.75

TotalDe265: 5.72956

tTotal: 5.729577179000

tTotal_clk: 3.210000000000

Frames_cout: 10
fps_cout: 1.74533
TotalDe265_cout: 5.72956

tTotal_cout: 5.72958

tTotal_clk_cout: 3.21

tInput: 0.210083865000
txFracl: 0.198567685000
tyFracl: 0.198937479000
tKernel: 3.099092952000
tOutput: 0.208328784000
tInput_cout: 0.210084
txFracl_cout: 0.198568
tyFracl_cout: 0.198937
tKernel_cout: 3.09909
tOutput_cout: 0.208329
