xclProbe found 1 FPGA slots with xocl driver running
This AFI already loaded. Skip reload!
Successfully skipped reloading of local image.
AFI load complete.
Frames: 10
fps: 1.14

TotalDe265: 8.76348

tTotal: 8.763490736000

tTotal_clk: 4.970000000000

Frames_cout: 10
fps_cout: 1.1411
TotalDe265_cout: 8.76348

tTotal_cout: 8.76349

tTotal_clk_cout: 4.97

tInput: 0.332865837000
txFracl: 0.306026384000
tyFracl: 0.304817006000
tKernel: 4.701381847000
tOutput: 0.319536474000
tInput_cout: 0.332866
txFracl_cout: 0.306026
tyFracl_cout: 0.304817
tKernel_cout: 4.70138
tOutput_cout: 0.319536
