xclProbe found 1 FPGA slots with xocl driver running
This AFI already loaded. Skip reload!
Successfully skipped reloading of local image.
AFI load complete.
Frames: 10
fps: 0.58

TotalDe265: 17.32359

tTotal: 17.323606274000

tTotal_clk: 16.080000000000

Frames_cout: 10
fps_cout: 0.577248
TotalDe265_cout: 17.3236

tTotal_cout: 17.3236

tTotal_clk_cout: 16.08

tInput: 1.276565858000
txFracl: 1.257398791000
tyFracl: 1.242973429000
tKernel: 4.449922115000
tOutput: 1.196295219000
tInput_cout: 1.27657
txFracl_cout: 1.2574
tyFracl_cout: 1.24297
tKernel_cout: 4.44992
tOutput_cout: 1.1963
