xclProbe found 1 FPGA slots with xocl driver running
This AFI already loaded. Skip reload!
Successfully skipped reloading of local image.
AFI load complete.
Frames: 10
fps: 1.34

TotalDe265: 7.48806

tTotal: 7.488076726000

tTotal_clk: 7.050000000000

Frames_cout: 10
fps_cout: 1.33546
TotalDe265_cout: 7.48806

tTotal_cout: 7.48808

tTotal_clk_cout: 7.05

tInput: 0.524546322000
txFracl: 0.494506600000
tyFracl: 0.493064564000
tKernel: 1.613134158000
tOutput: 0.500845251000
tInput_cout: 0.524546
txFracl_cout: 0.494507
tyFracl_cout: 0.493065
tKernel_cout: 1.61313
tOutput_cout: 0.500845
