xclProbe found 1 FPGA slots with xocl driver running
This AFI already loaded. Skip reload!
Successfully skipped reloading of local image.
AFI load complete.
Frames: 10
fps: 1.05

TotalDe265: 9.48414

tTotal: 9.484154225000

tTotal_clk: 4.480000000000

Frames_cout: 10
fps_cout: 1.05439
TotalDe265_cout: 9.48414

tTotal_cout: 9.48415

tTotal_clk_cout: 4.48

tInput: 0.258408081000
txFracl: 0.231492207000
tyFracl: 0.231160263000
tKernel: 5.655821473000
tOutput: 0.249536446000
tInput_cout: 0.258408
txFracl_cout: 0.231492
tyFracl_cout: 0.23116
tKernel_cout: 5.65582
tOutput_cout: 0.249536
