xclProbe found 1 FPGA slots with xocl driver running
This AFI already loaded. Skip reload!
Successfully skipped reloading of local image.
AFI load complete.
Frames: 10
fps: 4.73

TotalDe265: 2.11435

tTotal: 2.114367584000

tTotal_clk: 1.870000000000

Frames_cout: 10
fps_cout: 4.72958
TotalDe265_cout: 2.11435

tTotal_cout: 2.11437

tTotal_clk_cout: 1.87

tInput: 0.115969162000
txFracl: 0.113289561000
tyFracl: 0.113325788000
tKernel: 0.603343691000
tOutput: 0.111928715000
tInput_cout: 0.115969
txFracl_cout: 0.11329
tyFracl_cout: 0.113326
tKernel_cout: 0.603344
tOutput_cout: 0.111929
