xclProbe found 1 FPGA slots with xocl driver running
This AFI already loaded. Skip reload!
Successfully skipped reloading of local image.
AFI load complete.
Frames: 10
fps: 1.76

TotalDe265: 5.67066

tTotal: 5.670675193000

tTotal_clk: 4.750000000000

Frames_cout: 10
fps_cout: 1.76346
TotalDe265_cout: 5.67066

tTotal_cout: 5.67068

tTotal_clk_cout: 4.75

tInput: 0.314443961000
txFracl: 0.294917153000
tyFracl: 0.293596085000
tKernel: 1.832645154000
tOutput: 0.311425501000
tInput_cout: 0.314444
txFracl_cout: 0.294917
tyFracl_cout: 0.293596
tKernel_cout: 1.83265
tOutput_cout: 0.311426
