xclProbe found 1 FPGA slots with xocl driver running
This AFI already loaded. Skip reload!
Successfully skipped reloading of local image.
AFI load complete.
Frames: 10
fps: 2.15

TotalDe265: 4.65417

tTotal: 4.654181551000

tTotal_clk: 4.300000000000

Frames_cout: 10
fps_cout: 2.14861
TotalDe265_cout: 4.65417

tTotal_cout: 4.65418

tTotal_clk_cout: 4.3

tInput: 0.276324956000
txFracl: 0.264213588000
tyFracl: 0.262917946000
tKernel: 1.074975618000
tOutput: 0.271302271000
tInput_cout: 0.276325
txFracl_cout: 0.264214
tyFracl_cout: 0.262918
tKernel_cout: 1.07498
tOutput_cout: 0.271302
