xclProbe found 1 FPGA slots with xocl driver running
This AFI already loaded. Skip reload!
Successfully skipped reloading of local image.
AFI load complete.
Frames: 10
fps: 1.31

TotalDe265: 7.64875

tTotal: 7.648770021000

tTotal_clk: 7.040000000000

Frames_cout: 10
fps_cout: 1.3074
TotalDe265_cout: 7.64875

tTotal_cout: 7.64877

tTotal_clk_cout: 7.04

tInput: 0.510210446000
txFracl: 0.487666214000
tyFracl: 0.483962459000
tKernel: 1.991935159000
tOutput: 0.489311905000
tInput_cout: 0.51021
txFracl_cout: 0.487666
tyFracl_cout: 0.483962
tKernel_cout: 1.99194
tOutput_cout: 0.489312
