xclProbe found 1 FPGA slots with xocl driver running
This AFI already loaded. Skip reload!
Successfully skipped reloading of local image.
AFI load complete.
Frames: 10
fps: 1.22

TotalDe265: 8.19622

tTotal: 8.196236310000

tTotal_clk: 7.270000000000

Frames_cout: 10
fps_cout: 1.22007
TotalDe265_cout: 8.19622

tTotal_cout: 8.19624

tTotal_clk_cout: 7.27

tInput: 0.495062817000
txFracl: 0.474217713000
tyFracl: 0.472632448000
tKernel: 2.185550439000
tOutput: 0.498328170000
tInput_cout: 0.495063
txFracl_cout: 0.474218
tyFracl_cout: 0.472632
tKernel_cout: 2.18555
tOutput_cout: 0.498328
