xclProbe found 1 FPGA slots with xocl driver running
This AFI already loaded. Skip reload!
Successfully skipped reloading of local image.
AFI load complete.
Frames: 10
fps: 0.98

TotalDe265: 10.24801

tTotal: 10.248026035000

tTotal_clk: 9.450000000000

Frames_cout: 10
fps_cout: 0.975799
TotalDe265_cout: 10.248

tTotal_cout: 10.248

tTotal_clk_cout: 9.45

tInput: 0.820115412000
txFracl: 0.793549535000
tyFracl: 0.791508496000
tKernel: 2.725769201000
tOutput: 0.812354907000
tInput_cout: 0.820115
txFracl_cout: 0.79355
tyFracl_cout: 0.791508
tKernel_cout: 2.72577
tOutput_cout: 0.812355
