xclProbe found 1 FPGA slots with xocl driver running
This AFI already loaded. Skip reload!
Successfully skipped reloading of local image.
AFI load complete.
Frames: 10
fps: 1.10

TotalDe265: 9.12121

tTotal: 9.121222118000

tTotal_clk: 6.990000000000

Frames_cout: 10
fps_cout: 1.09635
TotalDe265_cout: 9.12121

tTotal_cout: 9.12122

tTotal_clk_cout: 6.99

tInput: 0.453905153000
txFracl: 0.419589935000
tyFracl: 0.417041207000
tKernel: 3.375715328000
tOutput: 0.442913854000
tInput_cout: 0.453905
txFracl_cout: 0.41959
tyFracl_cout: 0.417041
tKernel_cout: 3.37572
tOutput_cout: 0.442914
