xclProbe found 1 FPGA slots with xocl driver running
This AFI already loaded. Skip reload!
Successfully skipped reloading of local image.
AFI load complete.
Frames: 10
fps: 2.38

TotalDe265: 4.19816

tTotal: 4.198175997000

tTotal_clk: 4.080000000000

Frames_cout: 10
fps_cout: 2.382
TotalDe265_cout: 4.19816

tTotal_cout: 4.19818

tTotal_clk_cout: 4.08

tInput: 0.168931743000
txFracl: 0.165727120000
tyFracl: 0.164453115000
tKernel: 0.528777838000
tOutput: 0.164410842000
tInput_cout: 0.168932
txFracl_cout: 0.165727
tyFracl_cout: 0.164453
tKernel_cout: 0.528778
tOutput_cout: 0.164411
