xclProbe found 1 FPGA slots with xocl driver running
This AFI already loaded. Skip reload!
Successfully skipped reloading of local image.
AFI load complete.
Frames: 10
fps: 1.89

TotalDe265: 5.28563

tTotal: 5.285643298000

tTotal_clk: 2.470000000000

Frames_cout: 10
fps_cout: 1.89192
TotalDe265_cout: 5.28563

tTotal_cout: 5.28564

tTotal_clk_cout: 2.47

tInput: 0.166563342000
txFracl: 0.158197924000
tyFracl: 0.157974037000
tKernel: 3.337919408000
tOutput: 0.165475899000
tInput_cout: 0.166563
txFracl_cout: 0.158198
tyFracl_cout: 0.157974
tKernel_cout: 3.33792
tOutput_cout: 0.165476
