xclProbe found 1 FPGA slots with xocl driver running
This AFI already loaded. Skip reload!
Successfully skipped reloading of local image.
AFI load complete.
Frames: 10
fps: 2.20

TotalDe265: 4.55344

tTotal: 4.553457302000

tTotal_clk: 3.670000000000

Frames_cout: 10
fps_cout: 2.19614
TotalDe265_cout: 4.55344

tTotal_cout: 4.55346

tTotal_clk_cout: 3.67

tInput: 0.046643011000
txFracl: 0.040457821000
tyFracl: 0.040209243000
tKernel: 1.035470894000
tOutput: 0.044466191000
tInput_cout: 0.046643
txFracl_cout: 0.0404578
tyFracl_cout: 0.0402092
tKernel_cout: 1.03547
tOutput_cout: 0.0444662
