xclProbe found 1 FPGA slots with xocl driver running
This AFI already loaded. Skip reload!
Successfully skipped reloading of local image.
AFI load complete.
Frames: 10
fps: 1.63

TotalDe265: 6.12470

tTotal: 6.124708727000

tTotal_clk: 4.120000000000

Frames_cout: 10
fps_cout: 1.63273
TotalDe265_cout: 6.1247

tTotal_cout: 6.12471

tTotal_clk_cout: 4.12

tInput: 0.341840829000
txFracl: 0.327173617000
tyFracl: 0.326604524000
tKernel: 3.007201550000
tOutput: 0.325390608000
tInput_cout: 0.341841
txFracl_cout: 0.327174
tyFracl_cout: 0.326605
tKernel_cout: 3.0072
tOutput_cout: 0.325391
