xclProbe found 1 FPGA slots with xocl driver running
This AFI already loaded. Skip reload!
Successfully skipped reloading of local image.
AFI load complete.
Frames: 10
fps: 2.75

TotalDe265: 3.63224

tTotal: 3.632251092000

tTotal_clk: 1.750000000000

Frames_cout: 10
fps_cout: 2.75312
TotalDe265_cout: 3.63224

tTotal_cout: 3.63225

tTotal_clk_cout: 1.75

tInput: 0.121616517000
txFracl: 0.114266497000
tyFracl: 0.114122981000
tKernel: 2.277968780000
tOutput: 0.113401145000
tInput_cout: 0.121617
txFracl_cout: 0.114266
tyFracl_cout: 0.114123
tKernel_cout: 2.27797
tOutput_cout: 0.113401
