xclProbe found 1 FPGA slots with xocl driver running
This AFI already loaded. Skip reload!
Successfully skipped reloading of local image.
AFI load complete.
Frames: 10
fps: 5.42

TotalDe265: 1.84661

tTotal: 1.846629179000

tTotal_clk: 1.700000000000

Frames_cout: 10
fps_cout: 5.41532
TotalDe265_cout: 1.84661

tTotal_cout: 1.84663

tTotal_clk_cout: 1.7

tInput: 0.109790218000
txFracl: 0.108000143000
tyFracl: 0.108110471000
tKernel: 0.447904947000
tOutput: 0.107429315000
tInput_cout: 0.10979
txFracl_cout: 0.108
tyFracl_cout: 0.10811
tKernel_cout: 0.447905
tOutput_cout: 0.107429
