Frames: 10
fps: 12.19

TotalDe265: 0.82045

tTotal: 0.820452809334
tReadCodingUnit: 0.000000000000
tGenerateInterPredictionSamples: 0.000000000000
tMCLuma: 0.000000000000

tTotal_clk: 0.820432007313
tReadCodingUnit_clk: 0.000000000000
tGenerateInterPredictionSamples_clk: 0.000000000000
tMCLuma_clk: 0.000000000000

