Frames: 10
fps:  3.99

TotalDe265: 2.50883

tTotal: 2.508830070496
tReadCodingUnit: 0.000000000000
tGenerateInterPredictionSamples: 0.000000000000
tMCLuma: 0.000000000000

tTotal_clk: 2.508778095245
tReadCodingUnit_clk: 0.000000000000
tGenerateInterPredictionSamples_clk: 0.000000000000
tMCLuma_clk: 0.000000000000

