Frames: 10
fps:  6.52

TotalDe265: 1.53308

tTotal: 1.533077955246
tReadCodingUnit: 0.000000000000
tGenerateInterPredictionSamples: 0.000000000000
tMCLuma: 0.000000000000

tTotal_clk: 1.533045053482
tReadCodingUnit_clk: 0.000000000000
tGenerateInterPredictionSamples_clk: 0.000000000000
tMCLuma_clk: 0.000000000000

