ERROR: XILINX_XRT must be set
Frames: 10
fps: 4.67

TotalDe265: 2.14174

tTotal: 2.141739675000

tTotal_clk: 2.142004000000

Frames_cout: 10
fps_cout: 4.66911
TotalDe265_cout: 2.14174

tTotal_cout: 2.14174

tTotal_clk_cout: 2.142

tInput: 0.011200704000
txFracl: 0.007684992000
tyFracl: 0.007684448000
tKernel: 0.209517888000
tOutput: 0.040489312000
tInput_cout: 0.0112007
txFracl_cout: 0.00768499
tyFracl_cout: 0.00768445
tKernel_cout: 0.209518
tOutput_cout: 0.0404893
