ERROR: XILINX_XRT must be set
Frames: 10
fps: 12.19

TotalDe265: 0.82062

tTotal: 0.820623889000

tTotal_clk: 0.820778000000

Frames_cout: 10
fps_cout: 12.1859
TotalDe265_cout: 0.820622

tTotal_cout: 0.820624

tTotal_clk_cout: 0.820778

tInput: 0.005557920000
txFracl: 0.003075968000
tyFracl: 0.003052448000
tKernel: 0.086783456000
tOutput: 0.018784416000
tInput_cout: 0.00555792
txFracl_cout: 0.00307597
tyFracl_cout: 0.00305245
tKernel_cout: 0.0867835
tOutput_cout: 0.0187844
