ERROR: XILINX_XRT must be set
Frames: 10
fps: 3.55

TotalDe265: 2.81832

tTotal: 2.818317643000

tTotal_clk: 2.818718000000

Frames_cout: 10
fps_cout: 3.54822
TotalDe265_cout: 2.81832

tTotal_cout: 2.81832

tTotal_clk_cout: 2.81872

tInput: 0.004212064000
txFracl: 0.004244480000
tyFracl: 0.004221824000
tKernel: 0.090780128000
tOutput: 0.019404032000
tInput_cout: 0.00421206
txFracl_cout: 0.00424448
tyFracl_cout: 0.00422182
tKernel_cout: 0.0907801
tOutput_cout: 0.019404
