ERROR: XILINX_XRT must be set
Frames: 10
fps: 5.64

TotalDe265: 1.77259

tTotal: 1.772596524000

tTotal_clk: 1.772862000000

Frames_cout: 10
fps_cout: 5.64145
TotalDe265_cout: 1.77259

tTotal_cout: 1.7726

tTotal_clk_cout: 1.77286

tInput: 0.003664288000
txFracl: 0.003697216000
tyFracl: 0.003684000000
tKernel: 0.088557600000
tOutput: 0.016974624000
tInput_cout: 0.00366429
txFracl_cout: 0.00369722
tyFracl_cout: 0.003684
tKernel_cout: 0.0885576
tOutput_cout: 0.0169746
