ERROR: XILINX_XRT must be set
Frames: 10
fps: 2.85

TotalDe265: 3.51342

tTotal: 3.513422157000

tTotal_clk: 3.514005000000

Frames_cout: 10
fps_cout: 2.84623
TotalDe265_cout: 3.51342

tTotal_cout: 3.51342

tTotal_clk_cout: 3.51401

tInput: 0.017456608000
txFracl: 0.015257152000
tyFracl: 0.015234880000
tKernel: 0.384683264000
tOutput: 0.071048608000
tInput_cout: 0.0174566
txFracl_cout: 0.0152572
tyFracl_cout: 0.0152349
tKernel_cout: 0.384683
tOutput_cout: 0.0710486
