ERROR: XILINX_XRT must be set
Frames: 10
fps: 1.89

TotalDe265: 5.29633

tTotal: 5.296330643000

tTotal_clk: 5.294259000000

Frames_cout: 10
fps_cout: 1.8881
TotalDe265_cout: 5.29633

tTotal_cout: 5.29633

tTotal_clk_cout: 5.29426

tInput: 0.031681568000
txFracl: 0.024650592000
tyFracl: 0.024675520000
tKernel: 0.619464160000
tOutput: 0.123151904000
tInput_cout: 0.0316816
txFracl_cout: 0.0246506
tyFracl_cout: 0.0246755
tKernel_cout: 0.619464
tOutput_cout: 0.123152
