ERROR: XILINX_XRT must be set
Frames: 10
fps: 30.34

TotalDe265: 0.32960

tTotal: 0.329600854000

tTotal_clk: 0.329622000000

Frames_cout: 10
fps_cout: 30.3399
TotalDe265_cout: 0.329599

tTotal_cout: 0.329601

tTotal_clk_cout: 0.329622

tInput: 0.000139488000
txFracl: 0.000138336000
tyFracl: 0.000137856000
tKernel: 0.003011360000
tOutput: 0.000637152000
tInput_cout: 0.000139488
txFracl_cout: 0.000138336
tyFracl_cout: 0.000137856
tKernel_cout: 0.00301136
tOutput_cout: 0.000637152
