ERROR: XILINX_XRT must be set
Frames: 10
fps: 6.00

TotalDe265: 1.66693

tTotal: 1.666932292000

tTotal_clk: 1.667176000000

Frames_cout: 10
fps_cout: 5.99905
TotalDe265_cout: 1.66693

tTotal_cout: 1.66693

tTotal_clk_cout: 1.66718

tInput: 0.005889344000
txFracl: 0.004809344000
tyFracl: 0.004797504000
tKernel: 0.135852416000
tOutput: 0.022849088000
tInput_cout: 0.00588934
txFracl_cout: 0.00480934
tyFracl_cout: 0.0047975
tKernel_cout: 0.135852
tOutput_cout: 0.0228491
