ERROR: XILINX_XRT must be set
Frames: 10
fps: 22.46

TotalDe265: 0.44531

tTotal: 0.445312020000

tTotal_clk: 0.445312000000

Frames_cout: 10
fps_cout: 22.4563
TotalDe265_cout: 0.44531

tTotal_cout: 0.445312

tTotal_clk_cout: 0.445312

tInput: 0.000837184000
txFracl: 0.000834400000
tyFracl: 0.000832992000
tKernel: 0.020590624000
tOutput: 0.003852800000
tInput_cout: 0.000837184
txFracl_cout: 0.0008344
tyFracl_cout: 0.000832992
tKernel_cout: 0.0205906
tOutput_cout: 0.0038528
