ERROR: XILINX_XRT must be set
Frames: 10
fps: 3.25

TotalDe265: 3.07973

tTotal: 3.079735485000

tTotal_clk: 3.080248000000

Frames_cout: 10
fps_cout: 3.24703
TotalDe265_cout: 3.07973

tTotal_cout: 3.07974

tTotal_clk_cout: 3.08025

tInput: 0.006859392000
txFracl: 0.006907520000
tyFracl: 0.006872288000
tKernel: 0.167264800000
tOutput: 0.031055360000
tInput_cout: 0.00685939
txFracl_cout: 0.00690752
tyFracl_cout: 0.00687229
tKernel_cout: 0.167265
tOutput_cout: 0.0310554
