ERROR: XILINX_XRT must be set
Frames: 10
fps: 11.84

TotalDe265: 0.84467

tTotal: 0.844676013000

tTotal_clk: 0.844780000000

Frames_cout: 10
fps_cout: 11.8389
TotalDe265_cout: 0.844671

tTotal_cout: 0.844676

tTotal_clk_cout: 0.84478

tInput: 0.001643008000
txFracl: 0.001641664000
tyFracl: 0.001654976000
tKernel: 0.040214528000
tOutput: 0.007590336000
tInput_cout: 0.00164301
txFracl_cout: 0.00164166
tyFracl_cout: 0.00165498
tKernel_cout: 0.0402145
tOutput_cout: 0.00759034
