ERROR: XILINX_XRT must be set
Frames: 10
fps: 3.91

TotalDe265: 2.55490

tTotal: 2.554902508000

tTotal_clk: 2.555261000000

Frames_cout: 10
fps_cout: 3.91405
TotalDe265_cout: 2.5549

tTotal_cout: 2.5549

tTotal_clk_cout: 2.55526

tInput: 0.008812032000
txFracl: 0.004441248000
tyFracl: 0.004458464000
tKernel: 0.157740896000
tOutput: 0.024964416000
tInput_cout: 0.00881203
txFracl_cout: 0.00444125
tyFracl_cout: 0.00445846
tKernel_cout: 0.157741
tOutput_cout: 0.0249644
