ERROR: XILINX_XRT must be set
Frames: 10
fps: 9.78

TotalDe265: 1.02204

tTotal: 1.022044209000

tTotal_clk: 1.022204000000

Frames_cout: 10
fps_cout: 9.78433
TotalDe265_cout: 1.02204

tTotal_cout: 1.02204

tTotal_clk_cout: 1.0222

tInput: 0.006737856000
txFracl: 0.003080128000
tyFracl: 0.003054080000
tKernel: 0.091555648000
tOutput: 0.021131296000
tInput_cout: 0.00673786
txFracl_cout: 0.00308013
tyFracl_cout: 0.00305408
tKernel_cout: 0.0915556
tOutput_cout: 0.0211313
