ERROR: XILINX_XRT must be set
Frames: 10
fps: 3.27

TotalDe265: 3.06149

tTotal: 3.061491205000

tTotal_clk: 3.061944000000

Frames_cout: 10
fps_cout: 3.26638
TotalDe265_cout: 3.06149

tTotal_cout: 3.06149

tTotal_clk_cout: 3.06194

tInput: 0.016188128000
txFracl: 0.008881440000
tyFracl: 0.008878240000
tKernel: 0.279366016000
tOutput: 0.050467104000
tInput_cout: 0.0161881
txFracl_cout: 0.00888144
tyFracl_cout: 0.00887824
tKernel_cout: 0.279366
tOutput_cout: 0.0504671
