ERROR: XILINX_XRT must be set
Frames: 10
fps: 6.06

TotalDe265: 1.64996

tTotal: 1.649960318000

tTotal_clk: 1.643877000000

Frames_cout: 10
fps_cout: 6.06076
TotalDe265_cout: 1.64996

tTotal_cout: 1.64996

tTotal_clk_cout: 1.64388

tInput: 0.003281824000
txFracl: 0.003277888000
tyFracl: 0.003276064000
tKernel: 0.069127168000
tOutput: 0.015122144000
tInput_cout: 0.00328182
txFracl_cout: 0.00327789
tyFracl_cout: 0.00327606
tKernel_cout: 0.0691272
tOutput_cout: 0.0151221
