ERROR: XILINX_XRT must be set
Frames: 10
fps: 11.15

TotalDe265: 0.89683

tTotal: 0.896828612000

tTotal_clk: 0.896960000000

Frames_cout: 10
fps_cout: 11.1504
TotalDe265_cout: 0.896826

tTotal_cout: 0.896829

tTotal_clk_cout: 0.89696

tInput: 0.005729024000
txFracl: 0.002008320000
tyFracl: 0.002009184000
tKernel: 0.067051136000
tOutput: 0.016395040000
tInput_cout: 0.00572902
txFracl_cout: 0.00200832
tyFracl_cout: 0.00200918
tKernel_cout: 0.0670511
tOutput_cout: 0.016395
