ERROR: XILINX_XRT must be set
Frames: 10
fps: 3.08

TotalDe265: 3.24961

tTotal: 3.249614104000

tTotal_clk: 3.250055000000

Frames_cout: 10
fps_cout: 3.07729
TotalDe265_cout: 3.24961

tTotal_cout: 3.24961

tTotal_clk_cout: 3.25006

tInput: 0.008704032000
txFracl: 0.008726752000
tyFracl: 0.008683232000
tKernel: 0.182979264000
tOutput: 0.040092352000
tInput_cout: 0.00870403
txFracl_cout: 0.00872675
tyFracl_cout: 0.00868323
tKernel_cout: 0.182979
tOutput_cout: 0.0400924
